2 0.4365234375 0.50537109375 0.169921875 0.1083984375
6 0.43017578125 0.619140625 0.1806640625 0.08984375
2 0.43310546875 0.62109375 0.1708984375 0.07421875
2 0.41259765625 0.42138671875 0.0908203125 0.0634765625
2 0.4326171875 0.78076171875 0.16796875 0.0732421875
6 0.42919921875 0.78125 0.1728515625 0.078125
8 0.43896484375 0.71044921875 0.1748046875 0.0888671875
5 0.4169921875 0.4052734375 0.07421875 0.041015625
5 0.35302734375 0.384765625 0.0224609375 0.021484375
5 0.4814453125 0.4404296875 0.025390625 0.029296875
