2 0.54638671875 0.46044921875 0.1865234375 0.1064453125
6 0.5361328125 0.57421875 0.1875 0.0859375
2 0.53564453125 0.578125 0.1748046875 0.0703125
2 0.50830078125 0.37646484375 0.0849609375 0.0517578125
6 0.53076171875 0.66162109375 0.1884765625 0.0771484375
2 0.5302734375 0.66357421875 0.1796875 0.0615234375
2 0.52294921875 0.74560546875 0.1748046875 0.0791015625
6 0.525390625 0.7451171875 0.1875 0.087890625
0 0.61181640625 0.37060546875 0.0634765625 0.0634765625
1 0.55712890625 0.763671875 0.0263671875 0.041015625
