6 0.4791182190380787 0.5868415977734566 0.2023704509342305 0.057351522878456025
2 0.47852198282877606 0.5875211715698243 0.19203847249348954 0.03874073028564458
2 0.48299674987792973 0.5236793518066407 0.19165700276692713 0.05012989044189459
6 0.479545340714254 0.6493737983336894 0.20780741726835175 0.05974951933347571
6 0.48121403515419886 0.5232455705247944 0.20729126630541675 0.0664528146363024
2 0.4848156977563461 0.4449081020255063 0.19622375788900062 0.06932536705604972
2 0.4783147908831343 0.6481940267905958 0.1873747038454529 0.04399603608529255
2 0.44374651112273017 0.3801139678859109 0.09869102376604258 0.0452054301454151
1 0.5956557570049447 0.44737461737697193 0.052978573110430895 0.126559924652696
0 0.5552272969232408 0.3691262775471096 0.05256574044501226 0.04466424465027149
