2 0.5695693969726563 0.4996464252471924 0.18972473144531243 0.0886428833007813
6 0.5671590830540132 0.602294525113421 0.19848333037084692 0.0759457208999188
2 0.5664337943977034 0.6030411313956892 0.18381389161230816 0.06171606560827969
6 0.5647605153017266 0.6821551167687705 0.1961089666499648 0.0629839253980059
2 0.56480638104605 0.6826536480809602 0.1811816921332523 0.046260201091497755
2 0.5351705551147461 0.42247424920399984 0.10153388977050781 0.05088483492533369
6 0.5486738013098907 0.7554507997680009 0.1662066142476885 0.06863146732446335
2 0.5506186640539835 0.7555516697639644 0.15646988624750185 0.05593881163486214
1 0.6572715735762819 0.7393634024171409 0.08216833540557578 0.10421287539827628
1 0.5904927049946581 0.3905304939516129 0.08914437831713529 0.042527721774193505
