2 0.5043924379787758 0.1251054185114906 0.571016937240846 0.1976597090449083
2 0.4704093297322591 0.6991518020629882 0.6398408253987631 0.1005857467651368
2 0.4762291590372722 0.548064136505127 0.6458192189534505 0.10651779174804694
6 0.4734397977190516 0.8462686286655228 0.689145423888624 0.14040780339893505
2 0.46744103431701656 0.8503893852233887 0.630365022023519 0.10092525482177729
6 0.47334076943204156 0.7002951718321736 0.6823155796966027 0.13572633354417035
6 0.4791058467489928 0.5510505070948737 0.6883551769778034 0.14695021920683712
2 0.4818864059796763 0.34872340023982584 0.6863080088994568 0.20899427057242506
1 0.3675907144466981 0.37604237097137705 0.47517091127638794 0.3000338066260987
5 0.8080159266771842 0.11615393283750279 0.1352265043948613 0.1408609420779806
0 0.2845925099897779 0.06178561471982158 0.05653130130409193 0.03891366973329616
