2 0.46733486152694614 0.3243532466317366 0.14130333083832336 0.13177161302395207
4 0.46369570096482793 0.4504509175971272 0.16507036668736536 0.11179777934319052
6 0.4730090170704846 0.563997109030837 0.17337210903083705 0.08948237885462551
3 0.4723637114537445 0.5676538408590308 0.1583149779735683 0.06840239537444937
6 0.4754626124265785 0.658203125 0.17878980818649043 0.09375
3 0.4798922769823788 0.6592872384361234 0.16132640418502192 0.07700647026431717
6 0.48775482177734375 0.7624740600585938 0.1864471435546875 0.1069793701171875
3 0.48914165748898675 0.7612455258810573 0.17208149779735665 0.0959354350220264
1 0.5707726549746385 0.736065764925373 0.06919784925470296 0.12243470149253721
1 0.5705818465993375 0.6103971457179589 0.0496882185151305 0.16983070856408233
