2 0.4299467643805309 0.24068376659292032 0.17025027654867247 0.07691509955752213
2 0.4727253871681415 0.36729120575221236 0.27136338495575213 0.15210176991150437
2 0.44766316371681414 0.526738799778761 0.2523506637168141 0.10456996681415931
6 0.44636684181415925 0.5232819413716814 0.26704231194690264 0.12876797566371678
2 0.4524163440265486 0.6408151272123893 0.2791413163716814 0.06481609513274345
6 0.4545768805309734 0.6429756637168141 0.2851908185840707 0.0898783185840708
1 0.3586490597345132 0.6585315265486724 0.043210730088495575 0.07950774336283184
2 0.44723105641592914 0.7414961283185839 0.2756844579646017 0.06913716814159299
6 0.4498237002212389 0.7484098451327432 0.2877834623893806 0.10716261061946908
1 0.5846411780973451 0.5919870022123893 0.06481609513274333 0.36642699115044247
