6 0.441949462890625 0.5647326469421386 0.18777084350585938 0.05944137573242188
6 0.4369771957397461 0.6928236961364747 0.2092858632405599 0.05592060089111328
6 0.4352944056193034 0.6329035282135009 0.20781071980794272 0.05426597595214844
2 0.4389846642812093 0.5664857864379883 0.18250583012898763 0.05107297897338867
2 0.43470571835835775 0.4805389404296875 0.1933850924173991 0.07901153564453126
2 0.43822612762451174 0.6943613529205322 0.19744059244791667 0.04098672866821289
2 0.4355368455251058 0.634727668762207 0.19626181920369465 0.03864345550537109
2 0.3953763326009115 0.41760945320129395 0.10287361145019532 0.04345893859863281
1 0.33990057194221046 0.569627042603883 0.05473518272351721 0.1303920118040597
1 0.5130476271225137 0.44758352062429974 0.08669174089490887 0.11916176719785614
