6 0.4219142131898357 0.5411022790288917 0.32370255422377703 0.10072557098881807
2 0.4135572910308838 0.6507675647735596 0.28904228210449223 0.07147302627563468
6 0.4169470215512213 0.6511831764862916 0.30968802465456663 0.09124631792585436
2 0.4198443250197841 0.5417123643387961 0.3013475341709582 0.07997710722010232
2 0.42375810588818036 0.4172926682692307 0.3033251343774853 0.1254507211538462
6 0.42580406651621916 0.4125411698762514 0.334253762128852 0.14797800507508352
0 0.4219105760473589 0.1532183278309047 0.13136455487249543 0.11300494269884638
1 0.32131688050336793 0.1634723779114592 0.1676569664522805 0.2669973548328194
1 0.2543811301460239 0.602194169737208 0.0703056276389866 0.26971700326751946
1 0.4186048061985822 0.7134250233709339 0.18291957487309646 0.06097319162436543
