2 0.4995463848114014 0.5822216033935548 0.32990350723266604 0.09734001159667971
2 0.4970070719718933 0.7081748008728028 0.3405403375625611 0.07783565521240232
6 0.5024302997286357 0.5805121527777777 0.35457640451098243 0.12245783730158732
6 0.4991319444444444 0.7045200892857143 0.36582341269841273 0.11625744047619047
2 0.49733109474182124 0.8365144968032837 0.3458600044250488 0.07675127983093266
6 0.499906994047619 0.830387820894756 0.3735739087301587 0.11718814789302767
2 0.4655247688293457 0.3107428073883056 0.12163600921630863 0.07401914596557618
1 0.3505635978349673 0.3554304534313726 0.13515497344771243 0.23169424019607845
1 0.6322428385416667 0.379150390625 0.17171223958333337 0.20751953125
1 0.41333007812500006 0.4149576822916667 0.15380859375 0.12125651041666663
