2 0.4878790349195373 0.26317798696672534 0.339077626037214 0.1397580357891208
2 0.49073949353448276 0.42225760333438467 0.36873653017241387 0.15885225022778254
2 0.4920022898706897 0.562848928765419 0.36621093750000006 0.08308447005536868
2 0.49536974676724144 0.6714494136792122 0.36621093750000006 0.08308447005536868
2 0.49705347521551735 0.7724731205757638 0.36621093750000006 0.08308447005536868
6 0.4937982668821839 0.5615346623563218 0.3900076329022989 0.1126526580459769
6 0.49494881465517243 0.6708984375 0.3906250000000001 0.10439116379310354
6 0.49579067887931044 0.7778151939655171 0.3906250000000001 0.10439116379310354
5 0.33421015696781764 0.8178834430460853 0.0652978829670196 0.03735258293437782
1 0.6917155272787758 0.8241283430163482 0.09226338988689287 0.11265601238000189
