2 0.49125738143920894 0.4966537475585937 0.3323786735534668 0.11394214630126948
2 0.5191703319549561 0.3185325145721436 0.2735459327697754 0.1752931594848633
2 0.4717561602592468 0.649954080581665 0.34586374759674077 0.09478454589843754
2 0.4543138027191162 0.8017029762268066 0.3630500793457031 0.10792331695556645
6 0.4894425675675676 0.49868032094594594 0.37742820945945954 0.15968116554054057
6 0.4568917410714286 0.8052765376984128 0.3945002480158731 0.1519097222222222
6 0.4726906035499785 0.6514076157630846 0.38615401115401116 0.13257663355319604
1 0.35951400770657305 0.311611008644104 0.13795917483343595 0.30681576728820803
2 0.4640674591064453 0.22783920764923093 0.1036800384521484 0.08953928947448728
5 0.6675992398648649 0.32725401182432434 0.032991976351351315 0.07284628378378377
